
      1 -837.6000000000    0.0000000000 -200.0000000000
      2 -813.9757575758    0.0000000000 -194.3636363636
      3 -790.3515151515    0.0000000000 -188.7272727273
      4 -766.7272727273    0.0000000000 -183.0909090909
      5 -743.1030303030    0.0000000000 -177.4545454545
      6 -719.4787878788    0.0000000000 -171.8181818182
      7 -695.8545454545    0.0000000000 -166.1818181818
      8 -672.2303030303    0.0000000000 -160.5454545455
      9 -648.6060606061    0.0000000000 -154.9090909091
     10 -624.9818181818    0.0000000000 -149.2727272727
     11 -601.3575757576    0.0000000000 -143.6363636364
     12 -577.7333333333    0.0000000000 -138.0000000000
     13 -554.1090909091    0.0000000000 -132.3636363636
     14 -530.4848484848    0.0000000000 -126.7272727273
     15 -506.8606060606    0.0000000000 -121.0909090909
     16 -483.2363636364    0.0000000000 -115.4545454545
     17 -459.6121212121    0.0000000000 -109.8181818182
     18 -435.9878787879    0.0000000000 -104.1818181818
     19 -412.3636363636    0.0000000000  -98.5454545455
     20 -388.7393939394    0.0000000000  -92.9090909091
     21 -365.1151515152    0.0000000000  -87.2727272727
     22 -341.4909090909    0.0000000000  -81.6363636364
     23 -317.8666666667    0.0000000000  -76.0000000000
     24 -294.2424242424    0.0000000000  -70.3636363636
     25 -270.6181818182    0.0000000000  -64.7272727273
     26 -246.9939393939    0.0000000000  -59.0909090909
     27 -223.3696969697    0.0000000000  -53.4545454545
     28 -199.7454545455    0.0000000000  -47.8181818182
     29 -176.1212121212    0.0000000000  -42.1818181818
     30 -152.4969696970    0.0000000000  -36.5454545455
     31 -128.8727272727    0.0000000000  -30.9090909091
     32 -105.2484848485    0.0000000000  -25.2727272727
     33  -81.6242424242    0.0000000000  -19.6363636364
     34  -58.0000000000    0.0000000000  -14.0000000000
     35  418.8000000000 -725.3828782098 -200.0000000000
     36  406.9878787879 -704.9236841253 -194.3636363636
     37  395.1757575758 -684.4644900407 -188.7272727273
     38  383.3636363636 -664.0052959562 -183.0909090909
     39  371.5515151515 -643.5461018716 -177.4545454545
     40  359.7393939394 -623.0869077871 -171.8181818182
     41  347.9272727273 -602.6277137025 -166.1818181818
     42  336.1151515152 -582.1685196180 -160.5454545455
     43  324.3030303030 -561.7093255334 -154.9090909091
     44  312.4909090909 -541.2501314488 -149.2727272727
     45  300.6787878788 -520.7909373643 -143.6363636364
     46  288.8666666667 -500.3317432797 -138.0000000000
     47  277.0545454545 -479.8725491952 -132.3636363636
     48  265.2424242424 -459.4133551106 -126.7272727273
     49  253.4303030303 -438.9541610261 -121.0909090909
     50  241.6181818182 -418.4949669415 -115.4545454545
     51  229.8060606061 -398.0357728569 -109.8181818182
     52  217.9939393939 -377.5765787724 -104.1818181818
     53  206.1818181818 -357.1173846878  -98.5454545455
     54  194.3696969697 -336.6581906033  -92.9090909091
     55  182.5575757576 -316.1989965187  -87.2727272727
     56  170.7454545455 -295.7398024342  -81.6363636364
     57  158.9333333333 -275.2806083496  -76.0000000000
     58  147.1212121212 -254.8214142651  -70.3636363636
     59  135.3090909091 -234.3622201805  -64.7272727273
     60  123.4969696970 -213.9030260959  -59.0909090909
     61  111.6848484848 -193.4438320114  -53.4545454545
     62   99.8727272727 -172.9846379268  -47.8181818182
     63   88.0606060606 -152.5254438423  -42.1818181818
     64   76.2484848485 -132.0662497577  -36.5454545455
     65   64.4363636364 -111.6070556732  -30.9090909091
     66   52.6242424242  -91.1478615886  -25.2727272727
     67   40.8121212121  -70.6886675041  -19.6363636364
     68   29.0000000000  -50.2294734195  -14.0000000000
     69  418.8000000000  725.3828782098 -200.0000000000
     70  406.9878787879  704.9236841253 -194.3636363636
     71  395.1757575758  684.4644900407 -188.7272727273
     72  383.3636363636  664.0052959562 -183.0909090909
     73  371.5515151515  643.5461018716 -177.4545454545
     74  359.7393939394  623.0869077871 -171.8181818182
     75  347.9272727273  602.6277137025 -166.1818181818
     76  336.1151515152  582.1685196180 -160.5454545455
     77  324.3030303030  561.7093255334 -154.9090909091
     78  312.4909090909  541.2501314488 -149.2727272727
     79  300.6787878788  520.7909373643 -143.6363636364
     80  288.8666666667  500.3317432797 -138.0000000000
     81  277.0545454545  479.8725491952 -132.3636363636
     82  265.2424242424  459.4133551106 -126.7272727273
     83  253.4303030303  438.9541610261 -121.0909090909
     84  241.6181818182  418.4949669415 -115.4545454545
     85  229.8060606061  398.0357728569 -109.8181818182
     86  217.9939393939  377.5765787724 -104.1818181818
     87  206.1818181818  357.1173846878  -98.5454545455
     88  194.3696969697  336.6581906033  -92.9090909091
     89  182.5575757576  316.1989965187  -87.2727272727
     90  170.7454545455  295.7398024342  -81.6363636364
     91  158.9333333333  275.2806083496  -76.0000000000
     92  147.1212121212  254.8214142651  -70.3636363636
     93  135.3090909091  234.3622201805  -64.7272727273
     94  123.4969696970  213.9030260959  -59.0909090909
     95  111.6848484848  193.4438320114  -53.4545454545
     96   99.8727272727  172.9846379268  -47.8181818182
     97   88.0606060606  152.5254438423  -42.1818181818
     98   76.2484848485  132.0662497577  -36.5454545455
     99   64.4363636364  111.6070556732  -30.9090909091
    100   52.6242424242   91.1478615886  -25.2727272727
    101   40.8121212121   70.6886675041  -19.6363636364
    102   29.0000000000   50.2294734195  -14.0000000000
